20 100 10
3 2 410
3 6 847
3 15 811
3 20 725
14 2 979
14 3 508
14 5 529
14 9 86
14 13 410
14 16 121
14 17 461
14 18 446
14 19 76
1 3 742
1 9 812
1 14 401
2 4 803
2 6 66
2 8 366
2 9 706
2 13 984
2 15 96
2 18 666
5 1 854
5 8 75
5 10 389
5 12 736
5 15 835
19 3 387
19 7 981
19 10 877
19 15 980
19 18 916
7 4 695
7 5 457
7 8 428
7 10 862
7 14 37
7 17 320
17 2 485
17 6 389
17 10 986
17 15 677
17 18 230
16 8 777
16 10 913
16 13 467
16 15 710
16 20 109
10 1 127
10 4 730
10 8 329
10 11 372
10 12 662
10 17 188
10 19 693
8 1 364
8 2 341
8 3 183
8 4 584
8 6 112
8 17 11
20 1 347
20 5 460
20 6 997
20 8 113
20 9 540
9 7 769
9 10 635
9 11 275
9 19 915
12 1 295
12 10 21
12 11 937
12 19 143
12 20 111
13 1 341
13 2 825
13 7 101
13 10 533
13 12 197
13 15 607
15 8 463
15 11 521
11 7 586
11 9 270
11 10 809
11 13 296
6 1 586
6 4 61
6 12 255
6 15 254
6 16 312
18 7 955
18 10 120
18 14 282
4 8 826
4 12 155
4 17 345
4 18 979
11 10
2 12
19 1
4 11
14 1
6 10
9 2
2 1
6 8
20 10
2842
3018
5663
2838
5537
5247
7105
6334
5576
4826
